1966.................................... 5,198.0 1,558.0 3,462.0 139.7 249.5 109.0 10,716.2 22.8
1967..................................... 3,946.0 1,234.0 3,005.0 43.2 276.7 79.2 8,584.1 -19.9
1968................................... 4,518.0 1,450.0 3,875.0 109.2 170.1 60.7 10,183.0 18.6
1969.................................. 3,810.0 1,511.0 4,267.0 160.0 265.4 89.4 10,102.8 -0.8
1970.................................. 1,959.0 1,804.0 4,115.0 269.3 578.3 132.2 8,857.8 -12.3
1971.............................................. 2,477.0 1,558.0 4,877.0 88.9 725.7 152.2 9,878.8 11.5
1972............................................ 3,211.0 1,604.0 5,008.0 68.6 544.3 128.7 10,564.6 6.9
1973............................................ 3,456.0 1,712.0 4,289.0 73.7 487.6 147.2 10,165.5 -3.8
1974.......................................... 2,776.0 1,234.0 4,180.0 63.5 424.1 210.2 8,887.8 -12.6
1975........................................... 3,674.0 1,450.0 4,964.0 81.3 691.7 216.0 11,077.0 24.6
1976........................... 4,953.0 1,635.0 5,487.0 30.5 335.7 131.7 12,572.9 13.5
1977.............................................. 3,239.0 1,388.0 5,443.0 50.8 805.1 126.7 11,052.6 -12.1
1978........................................... 4,136.0 1,172.0 4,964.0 50.8 1,406.1 223.2 11,952.1 8.1
1979.................................................. 4,028.0 1,126.0 4,550.0 111.8 1,440.2 175.7 11,431.7 -4.4
1980................................................. 5,389.0 1,265.0 6,075.0 83.8 1,134.0 183.3 14,130.1 23.6
1981.......................................... 6,221.0 1,249.0 6,967.0 55.9 759.8 319.8 15,572.5 10.2
1982........................................... 5,988.0 1,357.0 6,575.0 81.3 975.2 228.2 15,204.7 -2.4
1983........................................... 6,804.0 1,049.0 5,095.0 27.9 1,066.0 210.4 14,252.3 -6.3
1984............................................ 4,883.0 956.0 4,638.0 30.5 1,361.0 137.4 12,005.9 -15.8
1985............................................ 4,899.0 925.0 4,768.0 27.9 1,247.0 119.4 11,986.3 -0.2
1986............................................. 7,212.3 1,449.7 7,184.9 48.3 1,587.6 142.2 17,625.0 47.0
1987........................................... 5,796.6 1,249.2 6,586.2 30.5 1,667.0 121.9 15,451.4 -12.3
1988............................................. 5,233.4 1,650.2 5,856.8 20.3 1,973.1 99.1 14,832.9 -4.0
1989............................................ 6,457.4 1,480.5 5,726.2 43.2 1,406.1 152.4 15,265.8 2.9
1990.........................................6,994.8 1,110.4 6,248.7 76.2 1,281.4 91.4 15,802.9 3.5
1991.........................................7,772.7 786.5 5,878.6 38.1 1,621.6 76.2 16,173.7 2.3
1992........................................... 6,327.6 1,036.4 4,855.3 19.1 1,349.4 75.0 13,662.8 -15.5
1993.........................................7,620.2 1,465.1 6,314.0 40.6 2,154.6 81.3 17,675.8 29.4
1994............................................ 5,592.7 1,187.5 5,464.9 40.6 2,472.1 88.9 14,846.7 -16.0
1995......................................... 7,266.5 771.1 6,335.8 53.3 2,449.4 66.1 16,942.2 14.1
1996........................................... 7,789.1 1,079.5 7,076.0 20.3 1,701.0 64.1 17,730.0 4.6
1997............................................ 6,839.3 979.3 6,270.5 38.1 2,109.2 66.1 16,302.5 -8.1
1998..................................... 6,752.3 771.1 5,660.8 39.4 2,472.1 77.5 15,773.2 -3.2
1999..................................... 8,219.2 863.6 5,987.4 39.4 2,971.0 72.4 18,153.0 15.1
2000..................................... 7,123.7 657.0 5,268.9 17.8 2,188.6 42.5 15,298.5 -15.7
2001..................................... 5,864.9 592.2 4,746.4 20.3 1,655.6 58.4 12,937.8 -15.4
2002..................................... 3,522.4 370.1 2,547.4 20.3 1,224.7 16.1 7,701.0 -40.5
2003..................................... 6,429.6 826.6 5,421.3 25.4 2,222.6 82.8 15,008.3 94.9
2004..................................... 7,571.4 828.2 5,628.2 29.2 2,925.7 77.5 17,060.2 13.7
2005..................................... 8,371.4 829.7 5,231.9 53.3 3,651.4 79.0 18,216.7 6.8
2006..................................... 7,503.4 706.3 4,404.6 36.3 3,424.6 57.2 16,132.4 -11.4
2007.................................... 6,076.1 627.4 5,114.3 16.3 3,401.9 36.8 15,272.8 -5.3
2008..................................... 8,736.2 541.3 5,447.5 33.0 4,322.7 57.2 19,137.9 25.3
2009..................................... 7,440.7 308.4 3,840.7 28.4 3,628.7 38.1 15,285.0 -20.1
2010..................................... 8,201.3 647.7 4,528.7 30.5 4,740.0 50.8 18,199.0 19.1
2011..................................... 8,839.6 738.7 4,668.0 54.7 5,347.9 54.0 19,702.9 8.3 
2012..................................... 8,368.8 518.2 4,463.3 44.5 5,097.2 34.3 18,526.3 -6.0
2013..................................... 11,329.0 601.5 5,545.4 73.7 6,168.9 36.3 23,754.8 28.2
2014..................................... 9,372.8 542.9 4,131.3 98.4 5,796.9 30.9 19,973.2 -15.9
2015..................................... 8,290.0 393.3 4,289.2 83.8 5,851.3 33.0 18,940.6 -5.2
2016..................................... 10,106.7 624.6 4,398.0 59.8 6,157.5 59.7 21,406.3 13.0
2017..................................... 9,980.1 609.2 3,906.0 62.2 6,826.6 33.5 21,417.6 0.1